loadBomb(7.000, 11.000, 1.000);
loadBomb(7.000, 11.000, 13.000);
loadBomb(33.000, 11.000, -5.000);
loadBomb(33.000, 11.000, -1.000);
loadBomb(33.000, 11.000, 3.000);
loadBomb(33.000, 11.000, 7.000);
loadBomb(33.000, 11.000, 11.000);
loadBomb(33.000, 11.000, 15.000);
loadBomb(33.000, 11.000, 19.000);
loadBomb(43.000, 21.000, -5.000);
loadBomb(43.000, 21.000, -1.000);
loadBomb(43.000, 21.000, 3.000);
loadBomb(43.000, 21.000, 7.000);
loadBomb(43.000, 21.000, 11.000);
loadBomb(43.000, 21.000, 15.000);
loadBomb(43.000, 21.000, 19.000);
loadBomb(13.000, 36.000, 11.000);
loadBomb(17.000, 36.000, 11.000);
loadBomb(21.000, 36.000, 11.000);
loadBomb(9.000, 36.000, 11.000);
loadBomb(13.000, 36.000, -3.000);
loadBomb(17.000, 36.000, -3.000);
loadBomb(21.000, 36.000, -3.000);
loadBomb(9.000, 36.000, -3.000);
loadBomb(9.000, 36.000, 6.000);
loadBomb(9.000, 36.000, 1.000);
loadBomb(21.000, 36.000, 6.000);
loadBomb(21.000, 36.000, 1.000);
loadBomb(2.000, 41.000, -18.000);
loadBomb(-2.000, 41.000, -18.000);
loadBomb(36.000, 51.000, -40.000);
loadBomb(36.000, 51.000, -45.000);
loadBomb(36.000, 51.000, -35.000);
loadBomb(36.000, 51.000, -30.000);
loadBomb(36.000, 51.000, -25.000);
loadBomb(36.000, 51.000, -20.000);
loadBomb(16.000, 51.000, -40.000);
loadBomb(16.000, 51.000, -45.000);
loadBomb(16.000, 51.000, -35.000);
loadBomb(16.000, 51.000, -30.000);
loadBomb(16.000, 51.000, -25.000);
loadBomb(16.000, 51.000, -20.000);
loadBomb(21.000, 51.000, -20.000);
loadBomb(26.000, 51.000, -20.000);
loadBomb(31.000, 51.000, -20.000);
loadBomb(21.000, 51.000, -45.000);
loadBomb(26.000, 51.000, -45.000);
loadBomb(31.000, 51.000, -45.000);
loadBomb(26.000, 51.000, -25.000);
loadBomb(21.000, 51.000, -30.000);
loadBomb(31.000, 51.000, -30.000);
loadBomb(26.000, 51.000, -35.000);
loadBomb(21.000, 51.000, -40.000);
loadBomb(31.000, 51.000, -40.000);